0.575303852558136 
0.4258214831352234 
0.3830283582210541 
0.34514108300209045 
0.30957314372062683 
0.3095875680446625 
0.2997017800807953 
0.3816307783126831 
0.30687806010246277 
0.3443303406238556 
0.3537682890892029 
0.3124467134475708 
0.307549387216568 
0.32150596380233765 
0.30006247758865356 
0.3214554488658905 
0.3200368881225586 
0.2894594073295593 
0.38025546073913574 
0.3010159134864807 
0.3070467710494995 
0.289230614900589 
0.32068130373954773 
0.2631738483905792 
0.2990622818470001 
0.27386170625686646 
0.28677257895469666 
0.25958913564682007 
0.28223860263824463 
0.2648158073425293 
0.2664322257041931 
0.2680411636829376 
0.25300318002700806 
0.2598237991333008 
0.32826942205429077 
0.2678867280483246 
0.3326149880886078 
0.2764286696910858 
0.30621033906936646 
0.2747296392917633 
0.24050843715667725 
0.2796115279197693 
0.22190479934215546 
0.2381034791469574 
0.26677989959716797 
0.24804237484931946 
0.196811705827713 
0.25870615243911743 
0.2501475214958191 
0.26662689447402954 
0.2292613685131073 
0.2525641620159149 
0.23387035727500916 
0.223954439163208 
0.2147218883037567 
0.23123499751091003 
0.2177787721157074 
0.21786686778068542 
0.2477196753025055 
0.18568892776966095 
0.2480749636888504 
0.22879430651664734 
0.1277487576007843 
0.20143957436084747 
0.2482866793870926 
0.2341277152299881 
0.18444716930389404 
0.23822541534900665 
0.17376862466335297 
0.21258588135242462 
0.2211924046278 
0.2395782172679901 
0.1792353093624115 
0.21945953369140625 
0.23587366938591003 
0.21082277595996857 
0.1694173514842987 
0.1749895066022873 
0.2051062285900116 
0.1923931986093521 
0.18126066029071808 
0.19512756168842316 
0.21658019721508026 
0.17464788258075714 
0.1720883697271347 
0.1828337162733078 
0.1757703721523285 
0.19220542907714844 
0.21395108103752136 
0.17101305723190308 
0.17859479784965515 
0.2063256800174713 
0.25155138969421387 
0.18934638798236847 
0.2299836426973343 
0.17099866271018982 
0.220382422208786 
0.1846744865179062 
0.16026988625526428 
0.21985836327075958 
0.15421625971794128 
0.22008033096790314 
0.1684507131576538 
0.15875418484210968 
0.16922330856323242 
0.15636217594146729 
0.14908073842525482 
0.1814211905002594 
0.1261029988527298 
0.1489316076040268 
0.195689857006073 
0.16795851290225983 
0.15899239480495453 
0.1953245848417282 
0.16891804337501526 
0.15137338638305664 
0.12923581898212433 
0.10758306086063385 
0.170175701379776 
0.152198925614357 
0.14382103085517883 
0.1332959532737732 
0.136067196726799 
0.1378069967031479 
0.14039036631584167 
0.1127176508307457 
0.15045955777168274 
0.14919963479042053 
0.13604912161827087 
0.13557757437229156 
0.14774270355701447 
0.11380027234554291 
0.1919236034154892 
0.1532447338104248 
0.1450614631175995 
0.14890849590301514 
0.14766506850719452 
0.12612023949623108 
0.10797002166509628 
0.13178013265132904 
0.1081906408071518 
0.12340708822011948 
0.1269928365945816 
0.14816078543663025 
0.15475644171237946 
0.1602553278207779 
0.13634668290615082 
0.17675542831420898 
0.12239311635494232 
0.11171609163284302 
0.14536738395690918 
0.1496211141347885 
0.16178397834300995 
0.14486700296401978 
0.14231541752815247 
0.13968077301979065 
0.12663209438323975 
0.14329257607460022 
0.11598622798919678 
0.136168971657753 
0.1131863221526146 
0.18524648249149323 
0.14220982789993286 
0.13978028297424316 
0.10249942541122437 
0.11175514757633209 
0.1194046288728714 
0.14130376279354095 
0.1234445571899414 
0.17324236035346985 
0.10761912912130356 
0.1924423724412918 
0.10381300747394562 
0.13901399075984955 
0.10604473203420639 
0.09605520963668823 
0.18197837471961975 
0.11136094480752945 
0.14874759316444397 
0.11121807247400284 
0.14923451840877533 
0.11806629598140717 
0.1455037146806717 
0.118000827729702 
0.16661736369132996 
0.11618202924728394 
0.1980266571044922 
0.1391811966896057 
0.14046087861061096 
0.1352996975183487 
0.10143597424030304 
0.14028021693229675 
0.1350848376750946 
0.10941118001937866 
0.13856980204582214 
0.12667396664619446 
0.12622106075286865 
0.11223627626895905 
0.1305445432662964 
0.09609996527433395 
0.13952143490314484 
0.12959915399551392 
0.1616196632385254 
0.13170762360095978 
0.09924200922250748 
0.11029596626758575 
0.10401123762130737 
0.11768941581249237 
0.13435149192810059 
0.14066234230995178 
0.11228819936513901 
0.14401449263095856 
0.1039866954088211 
0.1353183090686798 
0.13128072023391724 
0.11480887979269028 
0.09908006340265274 
0.13674624264240265 
0.09611212462186813 
0.16440021991729736 
0.10901621729135513 
0.11378419399261475 
0.1050826758146286 
0.10099644958972931 
0.09025577455759048 
0.13911202549934387 
0.09110500663518906 
0.09777635335922241 
0.11611564457416534 
0.0697644054889679 
0.11815078556537628 
0.1246202364563942 
0.11591868102550507 
0.10914558172225952 
0.12603572010993958 
0.1293136328458786 
0.09827827662229538 
0.10294993221759796 
0.10268254578113556 
0.12225137650966644 
0.09726059436798096 
0.15434128046035767 
0.12275848537683487 
0.12476992607116699 
0.12514373660087585 
0.11139653623104095 
0.09728680551052094 
0.09391652047634125 
0.09056556224822998 
0.1161852702498436 
0.11874039471149445 
0.10132507979869843 
0.10701648145914078 
0.1275576949119568 
0.09215305000543594 
0.1240784302353859 
0.11051882803440094 
0.12451507151126862 
0.14486674964427948 
0.11683529615402222 
0.12015185505151749 
0.09077563881874084 
0.08157198876142502 
0.12759695947170258 
0.10621504485607147 
0.13037018477916718 
0.10012389719486237 
0.1261751502752304 
0.10281085968017578 
0.12004212290048599 
0.1088080033659935 
0.11644352972507477 
0.10366390645503998 
0.1003771647810936 
0.15637467801570892 
0.08970516175031662 
0.07175493240356445 
0.10013687610626221 
0.12467481940984726 
0.09356353431940079 
0.12524767220020294 
0.09576718509197235 
0.11694644391536713 
0.11563597619533539 
0.08160508424043655 
0.10973205417394638 
0.09353946149349213 
0.09662245959043503 
0.10072217881679535 
0.0999179258942604 
0.1093125119805336 
0.10396265983581543 
0.10733020305633545 
0.11030159890651703 
0.10683222115039825 
0.0728730782866478 
0.09123397618532181 
0.07031989097595215 
0.127231627702713 
0.0710042342543602 
0.10481560230255127 
0.09592010080814362 
0.0852474793791771 
0.07487690448760986 
0.10838963091373444 
0.08744947612285614 
0.09036055207252502 
0.10694615542888641 
0.106636181473732 
0.11768364906311035 
0.08920693397521973 
0.09047219157218933 
0.11429234594106674 
0.10789646953344345 
0.09192841500043869 
0.17402315139770508 
0.08892285823822021 
0.08062951266765594 
0.13041208684444427 
0.0982654020190239 
0.1129714623093605 
0.09210988879203796 
0.13982392847537994 
0.07731162011623383 
0.10625119507312775 
0.10168834775686264 
0.10550419986248016 
0.09590834379196167 
0.07660242170095444 
0.09817963093519211 
0.09513600170612335 
0.09255555272102356 
0.12086113542318344 
0.09431514143943787 
0.08000083267688751 
0.11105960607528687 
0.08092144876718521 
0.08893109858036041 
0.10849124193191528 
0.10384675115346909 
0.09207259118556976 
0.10221634060144424 
0.13805384933948517 
0.10030505806207657 
0.06910938024520874 
0.10050418227910995 
0.1131909117102623 
0.10379064083099365 
0.09483057260513306 
0.08428050577640533 
0.08931920677423477 
0.11462812125682831 
0.10689792782068253 
0.08927008509635925 
0.09714022278785706 
0.11265753209590912 
0.08732251822948456 
0.08708442002534866 
0.07957068085670471 
0.10121911764144897 
0.06811580061912537 
0.0662430077791214 
0.10371990501880646 
0.1033337339758873 
0.1101335734128952 
0.08631812036037445 
0.07872392237186432 
0.09003706276416779 
0.08067677170038223 
0.06624187529087067 
0.07707889378070831 
0.08401267230510712 
0.09523089975118637 
0.09557563066482544 
0.07010247558355331 
0.08607243001461029 
0.08823282271623611 
0.07441522926092148 
0.1291429102420807 
0.10986442863941193 
0.09763359278440475 
0.09654010832309723 
0.06635947525501251 
0.07537159323692322 
0.06218540668487549 
0.06959429383277893 
0.06192180514335632 
0.09157852828502655 
0.09352251887321472 
0.08055262267589569 
0.0826791524887085 
0.074311263859272 
0.08754293620586395 
0.11843155324459076 
0.07893389463424683 
0.10313794761896133 
0.07898162305355072 
0.08388257771730423 
0.09799240529537201 
0.10678054392337799 
0.07195772975683212 
0.09016327559947968 
0.10411296039819717 
0.07121897488832474 
0.06808923184871674 
0.08304615318775177 
0.07779829204082489 
0.11373542249202728 
0.08627662062644958 
0.08346550911664963 
0.08436311781406403 
0.08264803141355515 
0.07218756526708603 
0.06862858682870865 
0.07692364603281021 
0.07292507588863373 
0.08730582892894745 
0.12265362590551376 
0.07777194678783417 
0.07714603841304779 
0.09529350697994232 
0.09317187964916229 
0.08766530454158783 
0.08501512557268143 
0.08954767137765884 
0.06848640739917755 
0.10545781999826431 
0.10350771248340607 
0.08338649570941925 
0.07511954754590988 
0.09669028222560883 
0.1139487475156784 
0.07634469866752625 
0.09743227064609528 
0.08212904632091522 
0.0651358813047409 
0.08266396820545197 
0.11945921182632446 
0.06957198679447174 
0.1198100820183754 
0.10156776756048203 
0.09655177593231201 
0.09987348318099976 
0.11990697681903839 
0.09874804317951202 
0.10335199534893036 
0.09289652854204178 
0.08747365325689316 
0.10494311153888702 
0.09008727967739105 
0.1365153193473816 
0.0688285231590271 
0.08550276607275009 
0.07012436538934708 
0.09762358665466309 
0.09976226091384888 
0.10440049320459366 
0.10295175015926361 
0.0854032039642334 
0.09278026968240738 
0.09101864695549011 
0.10461007058620453 
0.0795624703168869 
0.12314783036708832 
0.07240189611911774 
0.10697505623102188 
0.10432704538106918 
0.07120994478464127 
0.09177140891551971 
0.10304522514343262 
0.10547733306884766 
0.07381156831979752 
0.0997580736875534 
0.10320846736431122 
0.06750838458538055 
0.1109113097190857 
0.07577931880950928 
0.10156440734863281 
0.12804454565048218 
0.07493558526039124 
0.07383020967245102 
0.10357268154621124 
0.0621025450527668 
0.07096604257822037 
0.08765287697315216 
0.1130049005150795 
0.08549360930919647 
0.0934348776936531 
0.06966090947389603 
0.09123358130455017 
0.08280418813228607 
0.08360637724399567 
0.11109230667352676 
0.10226000845432281 
0.10283082723617554 
0.10771294683218002 
0.09094764292240143 
0.07636557519435883 
0.08411385864019394 
0.09431227296590805 
0.06686563789844513 
0.11380599439144135 
0.12219779193401337 
0.11039982736110687 
0.06674273312091827 
0.08699638396501541 
0.11492085456848145 
0.09317760914564133 
0.09034469723701477 
0.08157162368297577 
0.08236651122570038 
0.1065531000494957 
0.09812811017036438 
0.07091575860977173 
0.06019147112965584 
0.09590066969394684 
0.09762578457593918 
0.08141856640577316 
0.0926814153790474 
0.10079038143157959 
0.08689289540052414 
0.10501153767108917 
0.09459345042705536 
0.119050994515419 
0.07592006772756577 
0.09561244398355484 
0.07860136777162552 
0.08934426307678223 
0.08199466019868851 
0.1052495688199997 
0.09447804093360901 
0.09142941236495972 
0.09972192347049713 
0.1216583400964737 
0.07480178773403168 
0.10000673681497574 
0.10735820233821869 
0.1436302661895752 
0.08445717394351959 
0.10684952884912491 
0.07774431258440018 
0.1044815331697464 
0.08753032982349396 
0.08771452307701111 
0.12320057302713394 
0.1058342233300209 
0.0735393613576889 
0.11852888762950897 
0.09393467009067535 
0.08386368304491043 
0.10916076600551605 
0.09355191886425018 
0.09993637353181839 
0.09516804665327072 
0.09605784714221954 
0.11255247890949249 
0.07256624847650528 
0.12405173480510712 
0.07164023071527481 
0.12208956480026245 
0.1331227719783783 
0.12491033226251602 
0.09464611113071442 
0.12653955817222595 
0.11130640655755997 
0.119855597615242 
0.1105494499206543 
0.09676598012447357 
0.11737553775310516 
0.12006893008947372 
0.149179145693779 
0.12193336337804794 
0.10571309179067612 
0.09528946876525879 
0.13703498244285583 
0.10916195064783096 
0.11710735410451889 
0.131523996591568 
0.08215996623039246 
0.1250985562801361 
0.10380075126886368 
0.12016193568706512 
0.11733441054821014 
0.13601794838905334 
0.10461010783910751 
0.1386883705854416 
0.09525306522846222 
0.09945249557495117 
0.09590265899896622 
0.11070020496845245 
0.11732401698827744 
0.11235058307647705 
0.1154622882604599 
0.11094941198825836 
0.11218855530023575 
0.10159033536911011 
0.13193336129188538 
0.1227547898888588 
0.12502802908420563 
0.11086642742156982 
0.16539844870567322 
0.11549884080886841 
0.1173533946275711 
0.10389931499958038 
0.1568392962217331 
0.12159331887960434 
0.13179472088813782 
0.13900864124298096 
0.13245563209056854 
0.10290934890508652 
0.12801000475883484 
0.10652965307235718 
0.1425459384918213 
0.09597164392471313 
0.10640563815832138 
0.14282315969467163 
0.11985313892364502 
0.13786034286022186 
0.11966367810964584 
0.14217357337474823 
0.08472060412168503 
0.1051262617111206 
0.11821292340755463 
0.10581512749195099 
0.13181456923484802 
0.11292340606451035 
0.11808104813098907 
0.12435289472341537 
0.1341027468442917 
0.14135035872459412 
0.08603698015213013 
0.1393042355775833 
0.10854969918727875 
0.12901738286018372 
0.10558930784463882 
0.1262386590242386 
0.14133910834789276 
0.08329146355390549 
0.11644770950078964 
0.1380467712879181 
0.09198120981454849 
0.13660867512226105 
0.1262243688106537 
0.11600301414728165 
0.10650701820850372 
0.11970619112253189 
0.09735383093357086 
0.1263616383075714 
0.09696663916110992 
0.10970120131969452 
0.10921766608953476 
0.10023568570613861 
0.09636307507753372 
0.11499162018299103 
0.08241486549377441 
0.10518494993448257 
0.09509143978357315 
0.11639189720153809 
0.10061587393283844 
0.10374979674816132 
0.09759607911109924 
0.12320216745138168 
0.09733090549707413 
0.13354703783988953 
0.10498486459255219 
0.121420718729496 
0.1128208190202713 
0.11544428020715714 
0.10404951870441437 
0.09616619348526001 
0.10216186195611954 
0.09846631437540054 
0.07644209265708923 
0.12107710540294647 
0.0967334732413292 
0.1073634997010231 
0.11071676015853882 
0.0874992087483406 
0.1195908784866333 
0.13784074783325195 
0.09304510056972504 
0.09371715784072876 
0.09582124650478363 
0.11449694633483887 
0.12156752496957779 
0.08745739609003067 
0.09195642173290253 
0.07738323509693146 
0.11139528453350067 
0.13684754073619843 
0.1246231198310852 
0.1446155160665512 
0.09311019629240036 
0.10463044792413712 
0.09761805832386017 
0.10324499756097794 
0.11346668004989624 
0.12725749611854553 
0.09676213562488556 
0.10326019674539566 
0.1005035862326622 
0.11687254905700684 
0.10576945543289185 
0.14503195881843567 
0.08380534499883652 
0.12906251847743988 
0.0735158696770668 
0.10709627717733383 
0.07276149094104767 
0.11738810688257217 
0.09811299294233322 
0.09722569584846497 
0.12141184508800507 
0.0950036272406578 
0.13561201095581055 
0.09939863532781601 
0.10038848221302032 
0.07782980054616928 
0.07870937883853912 
0.09056031703948975 
0.10748089849948883 
0.09997952729463577 
0.11827917397022247 
0.08456336706876755 
0.11991564184427261 
0.08237123489379883 
0.08894290030002594 
0.12338650226593018 
0.09442915767431259 
0.10210547596216202 
0.08445975929498672 
0.08859165757894516 
0.09605453908443451 
0.09291952848434448 
0.11389182507991791 
0.10015685856342316 
0.09324555099010468 
0.08813659846782684 
0.09097184985876083 
0.09063106775283813 
0.08232049643993378 
0.08218099176883698 
0.08617091923952103 
0.10091328620910645 
0.12861669063568115 
0.08627375215291977 
0.08332784473896027 
0.06861409544944763 
0.09155254065990448 
0.07692836225032806 
0.08133967220783234 
0.09608419239521027 
0.09257645905017853 
0.17007970809936523 
0.11330385506153107 
0.07977931201457977 
0.12213444709777832 
0.07859687507152557 
0.10536555200815201 
0.10412397235631943 
0.10538023710250854 
0.11295951902866364 
0.10347364097833633 
0.08595515787601471 
0.10227970033884048 
0.11029434204101562 
0.09603983163833618 
0.11235523223876953 
0.10152839124202728 
0.09780250489711761 
0.12454593181610107 
0.07847391068935394 
0.09340102970600128 
0.1100250631570816 
0.09191707521677017 
0.08936575055122375 
0.11018417030572891 
0.09267611801624298 
0.10544942319393158 
0.13304156064987183 
0.10254111140966415 
0.10499177128076553 
0.0977575033903122 
0.10534608364105225 
0.08968094736337662 
0.10947306454181671 
0.10483241081237793 
0.09325996786355972 
0.09971031546592712 
0.08024132996797562 
0.11084643751382828 
0.09805049002170563 
0.11663307249546051 
0.0981597751379013 
0.10376203060150146 
0.09007371217012405 
0.11815736442804337 
0.10365049540996552 
0.113997682929039 
0.0799630731344223 
0.08092735707759857 
0.12164390087127686 
0.06811030954122543 
0.1194283738732338 
0.11949563026428223 
0.11036882549524307 
0.11122089624404907 
0.133562371134758 
0.07299770414829254 
0.13593141734600067 
0.10177908092737198 
0.1074131578207016 
0.12097074836492538 
0.10149238258600235 
0.08129958808422089 
0.06175029277801514 
0.10738994926214218 
0.10138192027807236 
0.1049628034234047 
0.11747245490550995 
0.12294052541255951 
0.10328780114650726 
0.09195126593112946 
0.07496003806591034 
0.09037462621927261 
0.09088437259197235 
0.11503209173679352 
0.11726023256778717 
0.07938868552446365 
0.09641490131616592 
0.11592654138803482 
0.13557259738445282 
0.1032683402299881 
0.10250280797481537 
0.08727870136499405 
0.10060955584049225 
0.10017633438110352 
0.09902258217334747 
0.12945011258125305 
0.12357781082391739 
0.08588273078203201 
0.12339438498020172 
0.09010177105665207 
0.1189342737197876 
0.08581820130348206 
0.10807261615991592 
0.07924575358629227 
0.09688524156808853 
0.09026980400085449 
0.13561657071113586 
0.08749361336231232 
0.07220246642827988 
0.09834550321102142 
0.07278452813625336 
0.11560879647731781 
0.10226906836032867 
0.08607722818851471 
0.11156290769577026 
0.07276569306850433 
0.1153966635465622 
0.11273916810750961 
0.08788163959980011 
0.12247129529714584 
0.09491077065467834 
0.12495072931051254 
0.09620101749897003 
0.08974608033895493 
0.10759103298187256 
0.0997319146990776 
0.10599002987146378 
0.09847886115312576 
0.10334587097167969 
0.11001618206501007 
0.06434094160795212 
0.11376488208770752 
0.06299237906932831 
0.07783067971467972 
0.07553806900978088 
0.15963010489940643 
0.10066479444503784 
0.10141917318105698 
0.12385626882314682 
0.10176615417003632 
0.10728003084659576 
0.07735283672809601 
0.11577808856964111 
0.09424266219139099 
0.10537519305944443 
0.1074720248579979 
0.09225180745124817 
0.10546410083770752 
0.1393517553806305 
0.08110643923282623 
0.14096608757972717 
0.11315120756626129 
0.10189829021692276 
0.09854371845722198 
0.10031469166278839 
0.09357455372810364 
0.10901644080877304 
0.12448535114526749 
0.12288278341293335 
0.08611048758029938 
0.09980479627847672 
0.11074797809123993 
0.07602672278881073 
0.09301615506410599 
0.08554248511791229 
0.08966614305973053 
0.11100361496210098 
0.099800705909729 
0.09371033310890198 
0.10159238427877426 
0.12931568920612335 
0.17105910181999207 
0.13230201601982117 
0.08967256546020508 
0.0904359370470047 
0.110356405377388 
0.09794745594263077 
0.09059232473373413 
0.09006106853485107 
0.09047693759202957 
0.10970942676067352 
0.10232555866241455 
0.12447495758533478 
0.09645815193653107 
0.09406252205371857 
0.09273282438516617 
0.08091902732849121 
0.09232091158628464 
0.09056417644023895 
0.11361310631036758 
0.07929962873458862 
0.10098949819803238 
0.09818721562623978 
0.12334175407886505 
0.09923113882541656 
0.12461553514003754 
0.11133229732513428 
0.09386089444160461 
0.08612151443958282 
0.08763232082128525 
0.08737997710704803 
0.1260039061307907 
0.100733682513237 
0.08175243437290192 
0.09198534488677979 
0.09234261512756348 
0.10484611988067627 
0.08752743899822235 
0.09171553701162338 
0.09625226259231567 
0.10830150544643402 
0.06573796272277832 
0.06486459821462631 
0.0856817439198494 
0.10159341245889664 
0.0987141951918602 
0.10414798557758331 
0.0735732764005661 
0.08259548991918564 
0.09989390522241592 
0.08622434735298157 
0.10043418407440186 
0.07942415773868561 
0.13017523288726807 
0.0736275166273117 
0.08433409780263901 
0.09456990659236908 
0.11267556995153427 
0.07103196531534195 
0.10805289447307587 
0.05689843371510506 
0.09758427739143372 
0.07349595427513123 
0.09376243501901627 
0.09909671545028687 
0.07674568891525269 
0.08502724021673203 
0.1060338020324707 
0.06997422873973846 
0.08561629801988602 
0.07529562711715698 
0.06509619206190109 
0.09743344038724899 
0.07752298563718796 
0.1069311648607254 
0.08965528756380081 
0.06771481037139893 
0.11564914882183075 
0.10841359943151474 
0.10670812427997589 
0.10591795295476913 
0.10234786570072174 
0.10245052725076675 
0.0832710862159729 
0.11344180256128311 
0.07576658576726913 
0.11791341006755829 
0.059997688978910446 
0.10135805606842041 
0.09905127435922623 
0.08578471094369888 
0.06814462691545486 
0.10082609951496124 
0.12448517978191376 
0.10376818478107452 
0.10407203435897827 
0.08464987576007843 
0.09294912219047546 
0.09194223582744598 
0.05922212451696396 
0.10108282417058945 
0.06669636070728302 
0.09022416919469833 
0.09187928587198257 
0.08837169408798218 
0.09117177873849869 
0.1066914051771164 
0.11819858849048615 
0.10312894731760025 
0.09737011045217514 
0.08557146042585373 
0.09774654358625412 
0.0666855126619339 
0.1179652214050293 
0.09409487992525101 
0.15368331968784332 
0.06473400443792343 
0.12382446229457855 
0.07923571765422821 
0.12670400738716125 
0.08823805302381516 
0.0978962779045105 
0.12437029927968979 
0.08157198131084442 
0.07831379026174545 
0.0877784788608551 
0.08587099611759186 
0.0769483894109726 
0.07070107758045197 
0.09823962301015854 
0.08769715577363968 
0.060996223241090775 
0.07703741639852524 
0.10107780992984772 
0.13471493124961853 
0.08609744161367416 
0.11452704668045044 
0.0879441350698471 
0.07085137069225311 
0.07651235163211823 
0.0975707471370697 
0.1074727326631546 
0.10032714903354645 
0.12385021150112152 
0.07873521745204926 
0.1570708453655243 
0.0788983702659607 
0.12781016528606415 
0.0844883918762207 
0.07360503077507019 
0.12577877938747406 
0.11195220053195953 
0.09205703437328339 
0.08849503099918365 
0.09597115218639374 
0.07672235369682312 
0.0787159726023674 
0.0928250178694725 
0.10734923183917999 
0.08500297367572784 
0.08217199146747589 
0.07429126650094986 
0.09179764986038208 
0.11450040340423584 
0.11194338649511337 
0.07828705757856369 
0.09164513647556305 
0.12341257184743881 
0.09708041697740555 
0.07166105508804321 
0.08667689561843872 
0.07742572575807571 
0.10508354008197784 
0.10553570091724396 
0.07490991055965424 
0.11537094414234161 
0.11738993227481842 
0.0883893221616745 
0.10597238689661026 
0.07012099772691727 
0.09676993638277054 
0.14339491724967957 
0.11203832924365997 
0.10610488802194595 
0.12673617899417877 
0.0879063755273819 
0.10081209987401962 
0.06858938187360764 
0.08949736505746841 
0.08300723135471344 
0.07170544564723969 
0.10819196701049805 
0.13340318202972412 
0.07597646862268448 
0.0988755077123642 
0.09068185091018677 
0.09144504368305206 
0.13384023308753967 
0.08749083429574966 
0.08729542791843414 
0.10902336984872818 
0.1068364754319191 
0.10463547706604004 
0.10901882499456406 
0.0683598741889 
0.09901328384876251 
0.10205309092998505 
0.07637153565883636 
0.07480144500732422 
0.10677273571491241 
0.07422249019145966 
0.08811260759830475 
0.11445474624633789 
0.08265605568885803 
0.0828087106347084 
0.1061001867055893 
0.08595162630081177 
0.10827887058258057 
0.056518714874982834 
0.0795091837644577 
0.10919839143753052 
0.10670720040798187 
0.11476149410009384 
0.09161799401044846 
0.11877451092004776 
0.0788072794675827 
0.13694344460964203 
0.09970231354236603 
0.10746382176876068 
0.11231596767902374 
0.08990645408630371 
0.0950176864862442 
0.08392250537872314 
0.09423555433750153 
0.0968409851193428 
0.09521140903234482 
0.12189173698425293 
0.13750585913658142 
0.08948250114917755 
0.09125785529613495 
0.08771252632141113 
0.08845058083534241 
0.08048273622989655 
0.10537640750408173 
0.11665530502796173 
0.1239246129989624 
0.11609445512294769 
0.13285604119300842 
0.09250323474407196 
0.08409063518047333 
0.07191624492406845 
0.12437213957309723 
0.09523393958806992 
0.07730895280838013 
0.08325563371181488 
0.07105258107185364 
0.15994419157505035 
0.06911907345056534 
0.08701968193054199 
0.06986097991466522 
0.0991089716553688 
0.06896192580461502 
0.088463693857193 
0.09596528857946396 
0.10126078128814697 
0.10653029382228851 
0.1247657909989357 
0.07201515138149261 
0.1673940122127533 
0.10828660428524017 
0.09411674737930298 
0.0886901393532753 
0.09891676902770996 
0.0805763453245163 
0.06596672534942627 
0.11900712549686432 
0.09515392780303955 
0.10279343277215958 
0.10390374809503555 
0.12580497562885284 
0.07119648158550262 
0.10280480235815048 
0.07960177958011627 
0.07631845772266388 
0.11966566741466522 
0.07799318432807922 
0.09342855215072632 
0.1047934740781784 
0.08764942735433578 
0.09868767857551575 
0.07310916483402252 
0.10845164954662323 
0.08769674599170685 
0.0746961161494255 
0.10424917936325073 
0.12257449328899384 
0.07868578284978867 
0.10399429500102997 
0.06542305648326874 
0.10812120139598846 
0.06656371057033539 
0.13735687732696533 
0.08424391597509384 
0.1490463763475418 
0.07444285601377487 
0.08074578642845154 
0.09190189838409424 
0.15406909584999084 
0.10662542283535004 
0.09267471730709076 
0.06999458372592926 
0.0959172397851944 
0.08211728930473328 
0.0710480585694313 
0.08135271072387695 
0.13795912265777588 
0.09172222018241882 
0.07339798659086227 
0.10636665672063828 
0.10184232890605927 
0.052649300545454025 
0.1056729331612587 
0.09086860716342926 
0.10321857035160065 
0.09652137756347656 
0.11688010394573212 
0.0770040899515152 
0.09864825010299683 
0.0663285031914711 
0.06894800066947937 
0.10684758424758911 
0.10094145685434341 
0.1210104376077652 
0.08083229511976242 
0.08063001185655594 
0.12258726358413696 
0.11701814830303192 
0.12794946134090424 
0.1177094429731369 
0.06058509275317192 
0.08605994284152985 
0.12452896684408188 
0.12252922356128693 
0.12032151222229004 
0.07237718999385834 
0.07531749457120895 
0.08936403691768646 
0.0931810513138771 
0.07527552545070648 
0.08770710229873657 
0.09033887088298798 
0.08681663870811462 
0.07894206047058105 
0.1195763349533081 
0.1005997508764267 
0.10721516609191895 
0.09838449209928513 
0.12711408734321594 
0.06626676023006439 
0.09008289128541946 
0.07714968174695969 
0.08951424062252045 
0.0944255068898201 
0.0805065855383873 
0.0970761775970459 
0.07833020389080048 
0.09814944863319397 
0.11803396046161652 
0.09438040852546692 
0.06540640443563461 
0.09752955287694931 
0.09184855222702026 
0.07715101540088654 
0.08308346569538116 
0.069911427795887 
0.08214328438043594 
0.07698008418083191 
0.134961798787117 
0.09596507996320724 
0.07943877577781677 
0.11244668811559677 
0.15169073641300201 
0.07777988165616989 
0.06436711549758911 
0.057111769914627075 
0.0797976702451706 
0.08231931179761887 
0.06766783446073532 
0.12239859253168106 
0.08159126341342926 
0.0859638974070549 
0.05774787813425064 
0.06932319700717926 
0.10351429134607315 
0.08047405630350113 
0.06101382523775101 
0.10642808675765991 
0.11222076416015625 
0.0745372548699379 
0.0795360580086708 
0.11679524183273315 
0.07401362806558609 
0.09163303673267365 
0.0862676128745079 
0.09381281584501266 
0.07794325798749924 
0.09369991719722748 
0.09663905203342438 
0.09189016371965408 
0.10775569826364517 
0.08688264340162277 
0.098036989569664 
0.11547116190195084 
0.11766712367534637 
0.10142304003238678 
0.12849780917167664 
0.062008995562791824 
0.1095721572637558 
0.13941438496112823 
0.06543736904859543 
0.06745035201311111 
0.049104414880275726 
0.07405276596546173 
0.06864629685878754 
0.10745410621166229 
0.07545820623636246 
0.15610623359680176 
0.07473361492156982 
0.11546017229557037 
0.06222809478640556 
0.09622423350811005 
0.12753480672836304 
0.0886610671877861 
0.06712444126605988 
0.06304609775543213 
0.06314667314291 
0.08570142090320587 
0.09724269062280655 
0.08710744976997375 
0.0710398256778717 
0.11295650154352188 
0.06632021069526672 
0.09099278599023819 
0.09097805619239807 
0.0976453348994255 
0.08653796464204788 
0.08048588037490845 
0.09690491110086441 
0.07530604302883148 
0.10233180224895477 
0.06715194135904312 
0.10733047872781754 
0.07012814283370972 
0.11249883472919464 
0.06920266896486282 
0.09243274480104446 
0.07780026644468307 
0.09911821037530899 
0.09095791727304459 
0.0883840024471283 
0.10036449134349823 
0.08253378421068192 
0.09152349829673767 
0.11234362423419952 
0.081136055290699 
0.09867975860834122 
0.05458928272128105 
0.0966060534119606 
0.10006479918956757 
0.07277251034975052 
0.14923301339149475 
0.07674746960401535 
0.08166949450969696 
0.08193618804216385 
0.0669744461774826 
0.16597940027713776 
0.05154205486178398 
0.10803413391113281 
0.07130458950996399 
0.08723962306976318 
0.04179219901561737 
0.07367480546236038 
0.11002254486083984 
0.09365801513195038 
0.09357760101556778 
0.07568763196468353 
0.08577840030193329 
0.07367213070392609 
0.08468475937843323 
0.06572866439819336 
0.06061869114637375 
0.08907627314329147 
0.0585692897439003 
0.09300661087036133 
0.06705808639526367 
0.10756411403417587 
0.08011914789676666 
0.11177021265029907 
0.07172749936580658 
0.11270799487829208 
0.0708121806383133 
0.07922588288784027 
0.09587987512350082 
0.09747431427240372 
0.03964097797870636 
0.09224887192249298 
0.08144790679216385 
0.100746750831604 
0.06301258504390717 
0.10252640396356583 
0.07870133221149445 
0.05839376524090767 
0.07864391058683395 
0.11709685623645782 
0.0773434191942215 
0.10804574191570282 
0.08670346438884735 
0.08469835668802261 
0.07299132645130157 
0.06321273744106293 
0.050112586468458176 
0.08373914659023285 
0.09088034927845001 
0.10749761760234833 
0.08971480280160904 
0.06191428378224373 
0.1102450042963028 
0.11226393282413483 
0.19471368193626404 
0.0647657960653305 
0.1072617769241333 
0.08251281082630157 
0.108772411942482 
0.11315862834453583 
0.07735686749219894 
0.0934017226099968 
0.09585817158222198 
0.08138681948184967 
0.10651759058237076 
0.05305774137377739 
0.1565493643283844 
0.07887925952672958 
0.06058245897293091 
0.0761566013097763 
0.09731487184762955 
0.09630730748176575 
0.07158192247152328 
0.06594719737768173 
0.08763891458511353 
0.10030150413513184 
0.07837369292974472 
0.08608555793762207 
0.08291607350111008 
0.11951421201229095 
0.1159159392118454 
0.08875389397144318 
0.08610119670629501 
0.09312589466571808 
0.08683336526155472 
0.08576866239309311 
0.10730703175067902 
0.08379645645618439 
0.083916574716568 
0.06486637890338898 
0.13295800983905792 
0.11646256595849991 
0.09067033231258392 
0.14604274928569794 
0.0688362792134285 
0.155421644449234 
0.10695171356201172 
0.1059473380446434 
0.07356680929660797 
0.08719992637634277 
0.09079687297344208 
0.06655793637037277 
0.08478269726037979 
0.10853397846221924 
0.06572259962558746 
0.12009750306606293 
0.07390841096639633 
0.06067340448498726 
0.09189888089895248 
0.11091458797454834 
0.06794993579387665 
0.10066209733486176 
0.14585189521312714 
0.10662330687046051 
0.11709475517272949 
0.058795906603336334 
0.10754209756851196 
0.06471069157123566 
0.09750612080097198 
0.08032211661338806 
0.09917290508747101 
0.08627137541770935 
0.08167261630296707 
0.06572001427412033 
0.0786566510796547 
0.07831410318613052 
0.11759110540151596 
0.08334873616695404 
0.1066722422838211 
0.08668603003025055 
0.10437796264886856 
0.07377685606479645 
0.08879073709249496 
0.09611210972070694 
0.07990872859954834 
0.09529320895671844 
0.09562721103429794 
0.10370387136936188 
0.090543732047081 
0.07990524917840958 
0.18152466416358948 
0.07780726253986359 
0.09261105954647064 
0.08004458993673325 
0.10294948518276215 
0.060746777802705765 
0.08654696494340897 
0.11365185678005219 
0.062467318028211594 
0.10316677391529083 
0.05828552320599556 
0.1008034348487854 
0.08469268679618835 
0.1013607382774353 
0.10145106166601181 
0.07334166020154953 
0.09259685128927231 
0.06330538541078568 
0.09928147494792938 
0.13242867588996887 
0.08072889596223831 
0.08545372635126114 
0.11550264060497284 
0.0724443793296814 
0.14584983885288239 
0.07396690547466278 
0.06362150609493256 
0.07700799405574799 
0.04908956214785576 
0.09335947036743164 
0.21486687660217285 
0.07304289937019348 
0.09614735096693039 
0.053445421159267426 
0.061698682606220245 
0.11162726581096649 
0.0752636045217514 
0.04077417403459549 
0.1350785195827484 
0.1265101134777069 
0.07083149999380112 
0.0843571126461029 
0.07122219353914261 
0.10073874145746231 
0.06764191389083862 
0.08265171945095062 
0.06442534923553467 
0.0891055092215538 
0.09620758146047592 
0.06729307770729065 
0.07964342832565308 
0.09967862069606781 
0.07537741214036942 
0.124667689204216 
0.09922303259372711 
0.10645457357168198 
0.0730578750371933 
0.1417158842086792 
0.07022442668676376 
0.09110473096370697 
0.09067066013813019 
0.0991131067276001 
0.07429344952106476 
0.1255875527858734 
0.14005222916603088 
0.08760657161474228 
0.08763714134693146 
0.08421769738197327 
0.052093785256147385 
0.08100663125514984 
0.08071260899305344 
0.10329619795084 
0.07028140127658844 
0.08962706476449966 
0.06211518496274948 
0.0900636836886406 
0.09554258733987808 
0.07873805612325668 
0.06985747814178467 
0.14354752004146576 
0.08401968330144882 
0.10842685401439667 
0.09097253531217575 
0.060517407953739166 
0.09688844531774521 
0.11547348648309708 
0.07877001911401749 
0.0877385288476944 
0.10601922124624252 
0.11293436586856842 
0.07120713591575623 
0.1128883808851242 
0.09113729745149612 
0.10310832411050797 
0.07712775468826294 
0.09649678319692612 
0.09415419399738312 
0.07220803946256638 
0.07263690233230591 
0.08200813084840775 
0.07559303194284439 
0.09188017249107361 
0.10471568256616592 
0.06902458518743515 
0.09891895949840546 
0.0707615464925766 
0.07985960692167282 
0.0822821632027626 
0.11140640079975128 
0.06235094740986824 
0.07506145536899567 
0.06423337757587433 
0.18294665217399597 
0.07272626459598541 
0.11636932939291 
0.07765858620405197 
0.07617843896150589 
0.1075110211968422 
0.09156513959169388 
0.07893998920917511 
0.06698079407215118 
0.12156353890895844 
0.05564640089869499 
0.14446204900741577 
0.09634466469287872 
0.09093577414751053 
0.09559108316898346 
0.10318104177713394 
0.0737348347902298 
0.11523916572332382 
0.11984264850616455 
0.0692714974284172 
0.09412800520658493 
0.0699111595749855 
0.09072268009185791 
0.09619645774364471 
0.1146138459444046 
0.06908140331506729 
0.08437633514404297 
0.08077911287546158 
0.08979751914739609 
0.09364210069179535 
0.09316788613796234 
0.09929323941469193 
0.09338796883821487 
0.08514345437288284 
0.07578683644533157 
0.08624422550201416 
0.12192078679800034 
0.07939457148313522 
0.10561275482177734 
0.14906083047389984 
0.1121727004647255 
0.10046546161174774 
0.14544861018657684 
0.20157893002033234 
0.0761706754565239 
0.07033831626176834 
0.0646904855966568 
0.09316545724868774 
0.1103777065873146 
0.08343834429979324 
0.11487002670764923 
0.09296611696481705 
0.11215102672576904 
0.06281069666147232 
0.04796193912625313 
0.09917204827070236 
0.06965633481740952 
0.11526714265346527 
0.08885509520769119 
0.09245502948760986 
0.05829215049743652 
0.08930448442697525 
0.06260115653276443 
0.11118795722723007 
0.08240432292222977 
0.102108433842659 
0.07669602334499359 
0.11711563169956207 
0.08824663609266281 
0.09015319496393204 
0.09612910449504852 
0.10274813324213028 
0.08327770233154297 
0.13860687613487244 
0.06444765627384186 
0.10839339345693588 
0.10728371143341064 
0.2194012850522995 
0.08711738884449005 
0.1089903712272644 
0.11331763118505478 
0.09994640201330185 
0.1019880548119545 
0.0706477016210556 
0.08426687866449356 
0.06989286839962006 
0.072557732462883 
0.11653456836938858 
0.08196814358234406 
0.07099465280771255 
0.16982556879520416 
0.06640492379665375 
0.0875369980931282 
0.06767584383487701 
0.07100537419319153 
0.08349450677633286 
0.09335695207118988 
0.10236628353595734 
0.1383441686630249 
0.11635299772024155 
0.07917044311761856 
0.10755600780248642 
0.10237003862857819 
0.10494383424520493 
0.11223288625478745 
0.09997110068798065 
0.1343737095594406 
0.06639326363801956 
0.059730272740125656 
0.13191434741020203 
0.10161757469177246 
0.08721437305212021 
0.09559700638055801 
0.1220063716173172 
0.09774709492921829 
0.083713598549366 
0.09001727402210236 
0.1106235533952713 
0.07245546579360962 
0.10818403959274292 
0.08108799159526825 
0.10700372606515884 
0.08230595290660858 
0.11824651062488556 
0.07350339740514755 
0.09353140741586685 
0.0807446613907814 
0.11038436740636826 
0.06588459759950638 
0.06792940944433212 
0.10960914194583893 
0.19711005687713623 
0.10414142906665802 
0.10536263138055801 
0.08242158591747284 
0.09220505505800247 
0.06142010539770126 
0.08791691064834595 
0.10154366493225098 
0.10949144512414932 
0.09809163957834244 
0.09027799963951111 
0.1509987711906433 
0.09963813424110413 
0.11598293483257294 
0.08305840939283371 
0.09733190387487411 
0.09723960608243942 
0.06981436163187027 
0.12282979488372803 
0.056288354098796844 
0.09210945665836334 
0.08390524983406067 
0.14138555526733398 
0.09136739373207092 
0.19201740622520447 
0.06742655485868454 
0.17281994223594666 
0.16597196459770203 
0.0918285921216011 
0.05915104225277901 
0.09543261677026749 
0.07263284921646118 
0.05583463981747627 
0.12097661197185516 
0.08720113337039948 
0.112348273396492 
0.12168655544519424 
0.10422277450561523 
0.06235465407371521 
0.09620191901922226 
0.08917474001646042 
0.11388982832431793 
0.05420543998479843 
0.14932061731815338 
0.08444028347730637 
0.15535955131053925 
0.10091642290353775 
0.12899978458881378 
0.08985061943531036 
0.07780981063842773 
0.08566118031740189 
0.07798004895448685 
0.11943109333515167 
0.1182759553194046 
0.14037364721298218 
0.13348521292209625 
0.11191050708293915 
0.09704922139644623 
0.08119489997625351 
0.08900878578424454 
0.10008116811513901 
0.0913316160440445 
0.08346952497959137 
0.1299557387828827 
0.09337583929300308 
0.10580430924892426 
0.10812532901763916 
0.10810752958059311 
0.1226903647184372 
0.0732821449637413 
0.09201762825250626 
0.08075782656669617 
0.09444297850131989 
0.08716243505477905 
0.08741617947816849 
0.09839636832475662 
0.11077804863452911 
0.0723550096154213 
0.11302274465560913 
0.08465884625911713 
0.17065545916557312 
0.07140804827213287 
0.10362027585506439 
0.04264409467577934 
0.17461195588111877 
0.053303591907024384 
0.08594729006290436 
0.07183508574962616 
0.11122404038906097 
0.15408600866794586 
0.08231926709413528 
0.13766570389270782 
0.1503818929195404 
0.05061611533164978 
0.17363503575325012 
0.07826882600784302 
0.058790553361177444 
0.06045135110616684 
0.09563586860895157 
0.07024931162595749 
0.0812641978263855 
0.09451225399971008 
0.08852052688598633 
0.1030661016702652 
0.10390476882457733 
0.09612938016653061 
0.07962097972631454 
0.11773847043514252 
0.08432518690824509 
0.08447809517383575 
0.1128431111574173 
0.06556770205497742 
0.057011157274246216 
0.07287383824586868 
0.0678999051451683 
0.10713213682174683 
0.06925573199987411 
0.08157196640968323 
0.08231820166110992 
0.11238628625869751 
0.11180577427148819 
0.09945429116487503 
0.11594356596469879 
0.09288991242647171 
0.12897369265556335 
0.09614087641239166 
0.1055108904838562 
0.11410415172576904 
0.06700615584850311 
0.08581022918224335 
0.09085743129253387 
0.08334974944591522 
0.10644011199474335 
0.0792914628982544 
0.059757597744464874 
0.06934400647878647 
0.07085127383470535 
0.09313638508319855 
0.07975158840417862 
0.06766417622566223 
0.13243256509304047 
0.08112829923629761 
0.09567044675350189 
0.12508901953697205 
0.08769184350967407 
0.06918095797300339 
0.06740006059408188 
0.0603460855782032 
0.09522046148777008 
0.08553121984004974 
0.058903612196445465 
0.05806702375411987 
0.05005600303411484 
0.09074334800243378 
0.05838249996304512 
0.07154425233602524 
0.05937092751264572 
0.09792427718639374 
0.07527431845664978 
0.07989562302827835 
0.08377905935049057 
0.07187680900096893 
0.05975388363003731 
0.06897331774234772 
0.06545717269182205 
0.07087765634059906 
0.07769898325204849 
0.08696231991052628 
0.08749041706323624 
0.06372497230768204 
0.13023562729358673 
0.08907303214073181 
0.053850650787353516 
0.0859491154551506 
0.09839005023241043 
0.08949656784534454 
0.08505148440599442 
0.06292355060577393 
0.0800454244017601 
0.054570116102695465 
0.10521360486745834 
0.08505214750766754 
0.05228681117296219 
0.06844615936279297 
0.06788089871406555 
0.11106451600790024 
0.07028511166572571 
0.03257816284894943 
0.07874057441949844 
0.0843367800116539 
0.09474566578865051 
0.05283229425549507 
0.05083223059773445 
0.08152254670858383 
0.1646045297384262 
0.08414918184280396 
0.13992181420326233 
0.08817712217569351 
0.058947402983903885 
0.07829496264457703 
0.0958738699555397 
0.07050551474094391 
0.10930067300796509 
0.0953960195183754 
0.07888662070035934 
0.10718002170324326 
0.062290750443935394 
0.07792658358812332 
0.06338375806808472 
0.0904374048113823 
0.06750094890594482 
0.07317830622196198 
0.10161814838647842 
0.06902635097503662 
0.06563981622457504 
0.12132803350687027 
0.11858314275741577 
0.07544903457164764 
0.09586703032255173 
0.07143846899271011 
0.05868756026029587 
0.08357708156108856 
0.09687009453773499 
0.09261117875576019 
0.059200286865234375 
0.04306604713201523 
0.08465774357318878 
0.08368377387523651 
0.0796329602599144 
0.08449877798557281 
0.10075150430202484 
0.09304454922676086 
0.10122209787368774 
0.08444278687238693 
0.08232856541872025 
0.08355601131916046 
0.07823877781629562 
0.1038753017783165 
0.07438349723815918 
0.10253007709980011 
0.06399862468242645 
0.10805268585681915 
0.11827155202627182 
0.08442800492048264 
0.1248667985200882 
0.06684759259223938 
0.1125621646642685 
0.10532166808843613 
0.06244944781064987 
0.05586280673742294 
0.08841490000486374 
0.07067302614450455 
0.08836328238248825 
0.09416086971759796 
0.09102757275104523 
0.09310252964496613 
0.10577553510665894 
0.04850239306688309 
0.09204628318548203 
0.10786928981542587 
0.11558352410793304 
0.07868912816047668 
0.0979125052690506 
0.10666470229625702 
0.10265795141458511 
0.06986133754253387 
0.08055131137371063 
0.04373401775956154 
0.09785287082195282 
0.07296910136938095 
0.10726889222860336 
0.08811996132135391 
0.08463157713413239 
0.0805002897977829 
0.08820174634456635 
0.06612604111433029 
0.1043221727013588 
0.06739164888858795 
0.10706601291894913 
0.08647800981998444 
0.06996192783117294 
0.12336995452642441 
0.10993935912847519 
0.10383334010839462 
0.06459660828113556 
0.11281661689281464 
0.07829400897026062 
0.08936775475740433 
0.10126946866512299 
0.06233853101730347 
0.03925810009241104 
0.09077794849872589 
0.08383383601903915 
0.06596436351537704 
0.06667099893093109 
0.09889494627714157 
0.0830458402633667 
0.059428054839372635 
0.09530390799045563 
0.16840258240699768 
0.11828462779521942 
0.07590695470571518 
0.09663096815347672 
0.06967517733573914 
0.10911302268505096 
0.07399018108844757 
0.09453955292701721 
0.106348916888237 
0.07491644471883774 
0.12311165034770966 
0.09073925018310547 
0.08289915323257446 
0.11235690116882324 
0.08678705990314484 
0.057193905115127563 
0.1036827564239502 
0.08071105182170868 
0.08956989645957947 
0.04996931552886963 
0.07841894030570984 
0.104139044880867 
0.08157404512166977 
0.10872874408960342 
0.08810786157846451 
0.08980979025363922 
0.0982377901673317 
0.08169729262590408 
0.05906970053911209 
0.07332143932580948 
0.06456010043621063 
0.04834311455488205 
0.1228167787194252 
0.07197102159261703 
0.10527153313159943 
0.07117937505245209 
0.0926632210612297 
0.10282039642333984 
0.07956306636333466 
0.10427321493625641 
0.07706380635499954 
0.09577023237943649 
0.08460697531700134 
0.06935612857341766 
0.10095864534378052 
0.11690159142017365 
0.11814801394939423 
0.09158734977245331 
0.08141820132732391 
0.10031066834926605 
0.09083972126245499 
0.08637485653162003 
0.1060340404510498 
0.12599608302116394 
0.0881994217634201 
0.09850458055734634 
0.07823564112186432 
0.07434850186109543 
0.1333402693271637 
0.06918123364448547 
0.08604992926120758 
0.09267692267894745 
0.10030899196863174 
0.07455742359161377 
0.06735885888338089 
0.0980488508939743 
0.11596126854419708 
0.08971609175205231 
0.11213149130344391 
0.11001123487949371 
0.08105294406414032 
0.08870907872915268 
0.09846749156713486 
0.08838369697332382 
0.05575641244649887 
0.11153576523065567 
0.07496719807386398 
0.12560458481311798 
0.05850958824157715 
0.07635931670665741 
0.062392670661211014 
0.09596477448940277 
0.054806388914585114 
0.0913068875670433 
0.08783409744501114 
0.06577545404434204 
0.07526341080665588 
0.09369373321533203 
0.0989937037229538 
0.09924229979515076 
0.09022073447704315 
0.11348502337932587 
0.10812840610742569 
0.06882262229919434 
0.1100730448961258 
0.0674537941813469 
0.0977734848856926 
0.08701203018426895 
0.11626122146844864 
0.05430685356259346 
0.0991196408867836 
0.08830350637435913 
0.10784721374511719 
0.07964972406625748 
0.08942730724811554 
0.07612921297550201 
0.08037234097719193 
0.08717857301235199 
0.09689619392156601 
0.06186475232243538 
0.1546340435743332 
0.11067898571491241 
0.09195632487535477 
0.08337096869945526 
0.1130850538611412 
0.06372689455747604 
0.09751112759113312 
0.06640879064798355 
0.14470455050468445 
0.08004266768693924 
0.09521804749965668 
0.07354581356048584 
0.09970182925462723 
0.07610867917537689 
0.07357902824878693 
0.08071137219667435 
0.10400469601154327 
0.05167656019330025 
0.08002933859825134 
0.08678043633699417 
0.07564583420753479 
0.09202277660369873 
0.09139572083950043 
0.09224963188171387 
0.09424613416194916 
0.05074915289878845 
0.07307413965463638 
0.09597135335206985 
0.15192243456840515 
0.05653742700815201 
0.15684936940670013 
0.07477632910013199 
0.1178038939833641 
0.19007998704910278 
0.10831981897354126 
0.08675625175237656 
0.06877152621746063 
0.0885540023446083 
0.05323358625173569 
0.09357236325740814 
0.07854650914669037 
0.07769940793514252 
0.06634356081485748 
0.06501501798629761 
0.1068112701177597 
0.08042772114276886 
0.06285257637500763 
0.08528678864240646 
0.04981466010212898 
0.06702881306409836 
0.1124211996793747 
0.11004654318094254 
0.06548409163951874 
0.0810864120721817 
0.045490819960832596 
0.07754795253276825 
0.05469182878732681 
0.1266908496618271 
0.07128816843032837 
0.10476826131343842 
0.0863182470202446 
0.11928609758615494 
0.08539190888404846 
0.09221236407756805 
0.0919269397854805 
0.08895202726125717 
0.10466989129781723 
0.08450982719659805 
0.13416270911693573 
0.10557063668966293 
0.09751426428556442 
0.07043595612049103 
0.10051961988210678 
0.06471268832683563 
0.06960032135248184 
0.12312859296798706 
0.13510213792324066 
0.07776336371898651 
0.09258101880550385 
0.1193932443857193 
0.06890544295310974 
0.11042290925979614 
0.04535016417503357 
0.1130751222372055 
0.07836757600307465 
0.10244052112102509 
0.08567960560321808 
0.09449300169944763 
0.06956612318754196 
0.07618773728609085 
0.07804249227046967 
0.06904686242341995 
0.07437782734632492 
0.07711536437273026 
0.0715242475271225 
0.20319195091724396 
0.09796647727489471 
0.1604822874069214 
0.060094863176345825 
0.07624445855617523 
0.08863791078329086 
0.13518308103084564 
0.08363852649927139 
0.10420362651348114 
0.08548842370510101 
0.0947086289525032 
0.08025733381509781 
0.0915849357843399 
0.1042582243680954 
0.09649277478456497 
0.07962940633296967 
0.0740831047296524 
0.0870954617857933 
0.07604627311229706 
0.0918462872505188 
0.07564736902713776 
0.09549514949321747 
0.10204462707042694 
0.08881204575300217 
0.07376199960708618 
0.13508252799510956 
0.10168366134166718 
0.09527449309825897 
0.11135941743850708 
0.08648474514484406 
0.13331416249275208 
0.06650818139314651 
0.08204032480716705 
0.05933231860399246 
0.13062092661857605 
0.1034155935049057 
0.08282202482223511 
0.09353360533714294 
0.07105745375156403 
0.08216855674982071 
0.17397865653038025 
0.12099923938512802 
0.060753487050533295 
0.09000861644744873 
0.1345077008008957 
0.09549695998430252 
0.08983366936445236 
0.08032877743244171 
0.08641475439071655 
0.05896810442209244 
0.08227963000535965 
0.13715380430221558 
0.051643647253513336 
0.11469552665948868 
0.08924122154712677 
0.13843613862991333 
0.11303123086690903 
0.11651527881622314 
0.09841744601726532 
0.10949009656906128 
0.09214726835489273 
0.10138537734746933 
0.07366324961185455 
0.1094350814819336 
0.07436525821685791 
0.09797674417495728 
0.07387079298496246 
0.06980353593826294 
0.08094538003206253 
0.10973204672336578 
0.08252944052219391 
0.10784467309713364 
0.10554371774196625 
0.08668801933526993 
0.12359670549631119 
0.08792871981859207 
0.13033545017242432 
0.10578334331512451 
0.09754139930009842 
0.12411465495824814 
0.11434463411569595 
0.13726243376731873 
0.09140686690807343 
0.08715895563364029 
0.11490987241268158 
0.0918450802564621 
0.09758354723453522 
0.05734977871179581 
0.1476827710866928 
0.09896980971097946 
0.09193266928195953 
0.07318136096000671 
0.12736308574676514 
0.06237494945526123 
0.13995306193828583 
0.08767484128475189 
0.08195352554321289 
0.10351266711950302 
0.11800607293844223 
0.09720342606306076 
0.09570107609033585 
0.12587957084178925 
0.09420576691627502 
0.1223960667848587 
0.0792987123131752 
0.08741337805986404 
0.05550896376371384 
0.10014303028583527 
0.09968709200620651 
0.1095350980758667 
0.08505387604236603 
0.12369686365127563 
0.09967409819364548 
0.1127890944480896 
0.11787880957126617 
0.06615552306175232 
0.2707468569278717 
0.1316032111644745 
0.09993347525596619 
0.09054838120937347 
0.09114547818899155 
0.12207348644733429 
0.10368456691503525 
0.0941544771194458 
0.11389940977096558 
0.10860220342874527 
0.09914873540401459 
0.10953632742166519 
0.0900418683886528 
0.09456505626440048 
0.11547567695379257 
0.11650872230529785 
0.12214098870754242 
0.1325421929359436 
0.05710117891430855 
0.10899511724710464 
0.10558023303747177 
0.09001819044351578 
0.10454100370407104 
0.08685310184955597 
0.0817602351307869 
0.09205907583236694 
0.08638273179531097 
0.2331753671169281 
0.06106102466583252 
0.07546404749155045 
0.14018896222114563 
0.20118394494056702 
0.17559419572353363 
0.10909466445446014 
0.11115594208240509 
0.09541381895542145 
0.11570298671722412 
0.08719100058078766 
0.08808795362710953 
0.09687136858701706 
0.08796628564596176 
0.06711340695619583 
0.07125385105609894 
0.1003686934709549 
0.09017029404640198 
0.1337774693965912 
0.11158163845539093 
0.06417867541313171 
0.12224185466766357 
0.06953934580087662 
0.06853759288787842 
0.10441307723522186 
0.11983237415552139 
0.06768472492694855 
0.13076159358024597 
0.08441493660211563 
0.08943922817707062 
0.07604622840881348 
0.08132997155189514 
0.13200250267982483 
0.09606476873159409 
0.15104928612709045 
0.0935489758849144 
0.1186905950307846 
0.10663535445928574 
0.07826066017150879 
0.07856550067663193 
0.12618641555309296 
0.09735851734876633 
0.055645667016506195 
0.07255812734365463 
0.11491326987743378 
0.11496008932590485 
0.0442797914147377 
0.13166296482086182 
0.05864284187555313 
0.06501811742782593 
0.09491471201181412 
0.12083454430103302 
0.067543163895607 
0.10895209014415741 
0.06600610911846161 
0.06857141107320786 
0.06288771331310272 
0.06890358775854111 
0.07858883589506149 
0.09041350334882736 
0.1316377818584442 
0.13334128260612488 
0.13509872555732727 
0.16878648102283478 
0.14852894842624664 
0.17880374193191528 
0.06785627454519272 
0.15024372935295105 
0.10815141350030899 
0.04688973352313042 
0.0984852984547615 
0.1171172633767128 
0.07924097776412964 
0.10972950607538223 
0.07966060936450958 
0.06679518520832062 
0.11995075643062592 
0.07462861388921738 
0.13199284672737122 
0.07862461358308792 
0.0844951719045639 
0.08390355110168457 
0.1077330932021141 
0.10425911098718643 
0.08361203223466873 
0.08270752429962158 
0.09472194314002991 
0.06734732538461685 
0.10784558951854706 
0.07981294393539429 
0.1310921162366867 
0.10031844675540924 
0.08585094660520554 
0.10743866860866547 
0.08888335525989532 
0.0988190621137619 
0.09794031083583832 
0.11632801592350006 
0.07498221099376678 
0.09314724057912827 
0.099345862865448 
0.11247360706329346 
0.08346925675868988 
0.09885025024414062 
0.08052906394004822 
0.0672340840101242 
0.06429076939821243 
0.10731508582830429 
0.08759286254644394 
0.1015564426779747 
0.10323610156774521 
0.07250706851482391 
0.05424683541059494 
0.08004924654960632 
0.10271809995174408 
0.10970211029052734 
0.10495252907276154 
0.09706626832485199 
0.08358845114707947 
0.12522462010383606 
0.05143933370709419 
0.10772286355495453 
0.06896138191223145 
0.059127915650606155 
0.09778206795454025 
0.1287914216518402 
0.11010047048330307 
0.10177819430828094 
0.10596904903650284 
0.09457181394100189 
0.07816164940595627 
0.05938596650958061 
0.08923272788524628 
0.06082281470298767 
0.08162247389554977 
0.08551131188869476 
0.08247097581624985 
0.0860384926199913 
0.08404319733381271 
0.11318325996398926 
0.0750344768166542 
0.07813947647809982 
0.10137525945901871 
0.08289281278848648 
0.1881590634584427 
0.10856552422046661 
0.14619135856628418 
0.10019831359386444 
0.1297808587551117 
0.09290006011724472 
0.09629523754119873 
0.067070871591568 
0.09114206582307816 
0.07506787776947021 
0.12371097505092621 
0.08917297422885895 
0.0907377079129219 
0.10963097959756851 
0.080776646733284 
0.06624902784824371 
0.0664910301566124 
0.08724558353424072 
0.055716585367918015 
0.0678689256310463 
0.07187370955944061 
0.13339155912399292 
0.08292592316865921 
0.12738780677318573 
0.06638491153717041 
0.07474850118160248 
0.1222464069724083 
0.12809224426746368 
0.13955187797546387 
0.07601156085729599 
0.07541531324386597 
0.06029142811894417 
0.08233904838562012 
0.07167921960353851 
0.12418060004711151 
0.07916207611560822 
0.09939170628786087 
0.0808839350938797 
0.08420068025588989 
0.10497964918613434 
0.07819992303848267 
0.13436070084571838 
0.07786442339420319 
0.07058163732290268 
0.09642598778009415 
0.11173176765441895 
0.07847367227077484 
0.11430243402719498 
0.0850452184677124 
0.09610186517238617 
0.07083145529031754 
0.11165328323841095 
0.09013605117797852 
0.10268471390008926 
0.08802573382854462 
0.08755435049533844 
0.08550361543893814 
0.06647096574306488 
0.08988108485937119 
0.10177262127399445 
0.08746438473463058 
0.05598989129066467 
0.0971711128950119 
0.05358092859387398 
0.09289238601922989 
0.08680769801139832 
0.08113895356655121 
0.07115281373262405 
0.06207149475812912 
0.11093510687351227 
0.09055726230144501 
0.08938324451446533 
0.12617026269435883 
0.07306952774524689 
0.07107342034578323 
0.08066977560520172 
0.09049512445926666 
0.06587225198745728 
0.09241393208503723 
0.07844556868076324 
0.08352608978748322 
0.08894596993923187 
0.0987832248210907 
0.06735821068286896 
0.07392430305480957 
0.09767409414052963 
0.07272723317146301 
0.2094653844833374 
0.07480515539646149 
0.12253989279270172 
0.07708673924207687 
0.09137583523988724 
0.08454610407352448 
0.0854613333940506 
0.10611532628536224 
0.07830492407083511 
0.08897291123867035 
0.14100241661071777 
0.07259156554937363 
0.09665282070636749 
0.06927403807640076 
0.10463106632232666 
0.07750515639781952 
0.08061505854129791 
0.10171767324209213 
0.07170774787664413 
0.09837333112955093 
0.10330401360988617 
0.05806442350149155 
0.08869980275630951 
0.08846857398748398 
0.09135667979717255 
0.11240072548389435 
0.09016810357570648 
0.11953260004520416 
0.0902760699391365 
0.08101256191730499 
0.09641970694065094 
0.11572085320949554 
0.07286296784877777 
0.10420723259449005 
0.1073443666100502 
0.11069856584072113 
0.06718908250331879 
0.07733377814292908 
0.1140688881278038 
0.07644577324390411 
0.14361336827278137 
0.05180368572473526 
0.051343172788619995 
0.06229860335588455 
0.09856560081243515 
0.06654976308345795 
0.15665411949157715 
0.08873303234577179 
0.09178461879491806 
0.11453308165073395 
0.09677587449550629 
0.11771311610937119 
0.07874087989330292 
0.07675465196371078 
0.08719263970851898 
0.1641271859407425 
0.09171514213085175 
0.07685720920562744 
0.06688333302736282 
0.06603933870792389 
0.07916637510061264 
0.10310890525579453 
0.08353202044963837 
0.09234627336263657 
0.08499083667993546 
0.06814825534820557 
0.06285268068313599 
0.12359736859798431 
0.09457053244113922 
0.08230884373188019 
0.10376837104558945 
0.069582000374794 
0.1280110627412796 
0.12169738113880157 
0.07865837961435318 
0.11206195503473282 
0.05861680954694748 
0.07926113158464432 
0.11820348352193832 
0.08694909512996674 
0.09828652441501617 
0.0778251513838768 
0.0831451416015625 
0.10281036794185638 
0.09059711545705795 
0.10864678770303726 
0.09195572137832642 
0.1644124537706375 
0.09429718554019928 
0.09619824588298798 
0.08933541923761368 
0.0502486452460289 
0.07174582034349442 
0.0821104645729065 
0.07615070044994354 
0.050527412444353104 
0.10288232564926147 
0.07561011612415314 
0.10331114381551743 
0.06705854833126068 
0.08569721132516861 
0.07932080328464508 
0.10263218730688095 
0.09452937543392181 
0.07354678213596344 
0.10288088023662567 
0.06256264448165894 
0.07108920067548752 
0.06077820062637329 
0.07456260919570923 
0.06684763729572296 
0.08003513514995575 
0.0805002823472023 
0.08078322559595108 
0.10803363472223282 
0.06963575631380081 
0.1201310008764267 
0.0681190937757492 
0.09365905076265335 
0.050068628042936325 
0.10090919584035873 
0.06229783222079277 
0.10074037313461304 
0.10580148547887802 
0.11460981518030167 
0.07054413110017776 
0.07340274751186371 
0.10311274230480194 
0.11740479618310928 
0.06207945942878723 
0.06722326576709747 
0.08991852402687073 
0.07035154104232788 
0.1881353110074997 
0.0738765299320221 
0.07892189174890518 
0.158002108335495 
0.14253710210323334 
0.16015060245990753 
0.07169588655233383 
0.1481553614139557 
0.08122597634792328 
0.12819522619247437 
0.0800916999578476 
0.057020675390958786 
0.07730691879987717 
0.10018527507781982 
0.07172597199678421 
0.06875217705965042 
0.083949513733387 
0.07589330524206161 
0.1087111234664917 
0.07349671423435211 
0.07764676213264465 
0.04351508617401123 
0.09368698298931122 
0.07507942616939545 
0.08497060090303421 
0.05182037875056267 
0.05644074082374573 
0.10714602470397949 
0.07099315524101257 
0.06619395315647125 
0.1029156818985939 
0.059823423624038696 
0.10795308649539948 
0.10124199092388153 
0.08793160319328308 
0.08512651175260544 
0.10034060478210449 
0.08394773304462433 
0.10258261859416962 
0.08839781582355499 
0.10536333173513412 
0.14696910977363586 
0.07852901518344879 
0.08025607466697693 
0.09778696298599243 
0.09284527599811554 
0.08120670169591904 
0.09093020111322403 
0.10866405069828033 
0.0629560798406601 
0.07970430701971054 
0.06234404444694519 
0.10106723010540009 
0.08393623679876328 
0.08754502981901169 
0.07435428351163864 
0.13563063740730286 
0.09139828383922577 
0.08564193546772003 
0.07469145953655243 
0.06598921865224838 
0.05829710513353348 
0.14119605720043182 
0.09007088840007782 
0.07520481199026108 
0.07657217234373093 
0.1264265924692154 
0.05271631479263306 
0.06677348166704178 
0.09172774106264114 
0.10404808819293976 
0.06901893764734268 
0.06699387729167938 
0.09005747735500336 
0.08877519518136978 
0.05753117799758911 
0.12606598436832428 
0.061233364045619965 
0.07509870827198029 
0.12087295204401016 
0.08392708003520966 
0.08547709882259369 
0.07768061757087708 
0.08013655245304108 
0.08400337398052216 
0.08523079752922058 
0.07174591720104218 
0.08016365766525269 
0.047971971333026886 
0.13963648676872253 
0.08863663673400879 
0.07017259299755096 
0.08215956389904022 
0.08027394115924835 
0.07467851787805557 
0.061707545071840286 
0.0908043310046196 
0.09076614677906036 
0.057744722813367844 
0.06522596627473831 
0.06902827322483063 
0.09609697759151459 
0.0895911231637001 
0.14839938282966614 
0.051510196179151535 
0.0524735152721405 
0.09515849500894547 
0.08206915110349655 
0.09315456449985504 
0.08820732682943344 
0.07436157017946243 
0.12824785709381104 
0.06264552474021912 
0.0743667483329773 
0.06325685232877731 
0.0790456086397171 
0.05835304409265518 
0.07561938464641571 
0.08565057814121246 
0.0459069088101387 
0.08157582581043243 
0.12978002429008484 
0.07302375882863998 
0.07754238694906235 
0.059591732919216156 
0.07496519386768341 
0.08864666521549225 
0.04851144924759865 
0.07124431431293488 
0.11878897249698639 
0.07208935916423798 
0.07480457425117493 
0.06886951625347137 
0.09410163015127182 
0.08781320601701736 
0.07920807600021362 
0.09631697833538055 
0.05591320991516113 
0.10137978941202164 
0.04838069528341293 
0.06849288195371628 
0.06204240769147873 
0.07285194098949432 
0.09043417870998383 
0.1065954715013504 
0.08929412811994553 
0.10289879888296127 
0.06239897757768631 
0.07043696939945221 
0.058777254074811935 
0.07637156546115875 
0.0641137883067131 
0.08337492495775223 
0.06791084259748459 
0.09149620682001114 
0.04702838510274887 
0.07089559733867645 
0.09052087366580963 
0.09488936513662338 
0.046432819217443466 
0.05190088599920273 
0.09908696264028549 
0.046265386044979095 
0.1516149938106537 
0.07988550513982773 
0.09561219066381454 
0.06254027038812637 
0.06185489892959595 
0.12663677334785461 
0.06796654313802719 
0.09358519315719604 
0.05696326494216919 
0.15274778008460999 
0.05563142150640488 
0.10451924800872803 
0.035960543900728226 
0.0729307010769844 
0.09062974154949188 
0.0645086020231247 
0.10638532787561417 
0.049059975892305374 
0.0753169059753418 
0.10346101224422455 
0.07869492471218109 
0.10681045055389404 
0.0767723098397255 
0.06457792967557907 
0.06573925912380219 
0.06028033420443535 
0.0905148908495903 
0.05501563474535942 
0.07582095265388489 
0.084666907787323 
0.07730323076248169 
0.06813494861125946 
0.06255398690700531 
0.08931265771389008 
0.05819718912243843 
0.10042916238307953 
0.09049240499734879 
0.10088294744491577 
0.07184424251317978 
0.09522631019353867 
0.06972473859786987 
0.09305226802825928 
0.11004004627466202 
0.05963994935154915 
0.07379834353923798 
0.0477609857916832 
0.052792035043239594 
0.08067086338996887 
0.07617659866809845 
0.08354313671588898 
0.08521045744419098 
0.07099432498216629 
0.11242523044347763 
0.0805949941277504 
0.059209417551755905 
0.0803932175040245 
